0.844221105527638,0.155778894472362
0.839195979899498,0.160804020100503
0.834170854271357,0.165829145728643
0.829145728643216,0.170854271356784
0.824120603015075,0.175879396984925
0.819095477386935,0.180904522613065
0.809045226130653,0.190954773869347
0.798994974874372,0.201005025125628
0.793969849246231,0.206030150753769
0.788944723618091,0.21105527638191
0.78391959798995,0.21608040201005
0.778894472361809,0.221105527638191
0.773869346733668,0.226130653266332
0.768844221105528,0.231155778894472
0.763819095477387,0.236180904522613
0.758793969849246,0.241206030150754
0.753768844221105,0.246231155778894
0.748743718592965,0.251256281407035
0.738693467336684,0.261306532663317
0.728643216080402,0.271356783919598
0.723618090452261,0.276381909547739
0.718592964824121,0.281407035175879
0.71356783919598,0.28643216080402
0.708542713567839,0.291457286432161
0.703517587939698,0.296482412060301
0.698492462311558,0.301507537688442
0.688442211055276,0.311557788944724
0.678391959798995,0.321608040201005
0.673366834170854,0.326633165829146
0.668341708542714,0.331658291457286
0.663316582914573,0.336683417085427
0.658291457286432,0.341708542713568
0.648241206030151,0.351758793969849
0.64321608040201,0.35678391959799
0.638190954773869,0.361809045226131
0.633165829145729,0.366834170854271
0.547738693467337,0.452261306532663
0.542713567839196,0.457286432160804
0.537688442211055,0.462311557788945
0.532663316582915,0.467336683417086
0.527638190954774,0.472361809045226
0.517587939698492,0.482412060301507
0.512562814070352,0.487437185929648
0.507537688442211,0.492462311557789
0.50251256281407,0.49748743718593
0.49748743718593,0.50251256281407
0.492462311557789,0.507537688442211
0.487437185929648,0.512562814070352
0.482412060301507,0.517587939698492
0.477386934673367,0.522613065326633
0.472361809045226,0.527638190954774
0.467336683417086,0.532663316582915
0.462311557788945,0.537688442211055
0.366834170854271,0.633165829145729
0.361809045226131,0.638190954773869
0.35678391959799,0.64321608040201
0.351758793969849,0.648241206030151
0.346733668341709,0.653266331658292
0.341708542713568,0.658291457286432
0.326633165829146,0.673366834170854
0.321608040201005,0.678391959798995
0.316582914572864,0.683417085427136
0.311557788944724,0.688442211055276
0.306532663316583,0.693467336683417
0.301507537688442,0.698492462311558
0.296482412060301,0.703517587939698
0.291457286432161,0.708542713567839
0.28643216080402,0.71356783919598
0.281407035175879,0.718592964824121
0.271356783919598,0.728643216080402
0.266331658291457,0.733668341708543
0.261306532663317,0.738693467336684
0.256281407035176,0.743718592964824
0.251256281407035,0.748743718592965
0.246231155778894,0.753768844221105
0.241206030150754,0.758793969849246
0.236180904522613,0.763819095477387
0.231155778894472,0.768844221105528
0.226130653266332,0.773869346733668
0.221105527638191,0.778894472361809
0.21608040201005,0.78391959798995
0.21105527638191,0.788944723618091
0.206030150753769,0.793969849246231
0.201005025125628,0.798994974874372
0.195979899497487,0.804020100502513
0.190954773869347,0.809045226130653
0.175879396984925,0.824120603015075
0.170854271356784,0.829145728643216
0.165829145728643,0.834170854271357
0.160804020100503,0.839195979899498
0.150753768844221,0.849246231155779
0.14572864321608,0.85427135678392
0.14070351758794,0.85929648241206
9.99999000001e-07,0.999999000001
0.842501534838895,0.157498465161105
0.836544549450664,0.163455450549336
0.831556393575605,0.168443606424395
0.825443419606419,0.174556580393581
0.820958602306073,0.179041397693927
0.815728931595287,0.184271068404713
0.81219394270043,0.18780605729957
0.809845845345634,0.190154154654365
0.801973776941214,0.198026223058786
0.797007149949867,0.202992850050133
0.79572247281182,0.20427752718818
0.78947266469078,0.21052733530922
0.780890700830699,0.219109299169301
0.539985687278639,0.460014312721361
0.528589242630637,0.471410757369363
0.503840843474891,0.496159156525109
0.495897039799442,0.504102960200558
0.485646537688605,0.514353462311395
0.475217176466877,0.524782823533123
0.466107866051708,0.533892133948292
0.460598562313469,0.539401437686531
0.31340844558777,0.68659155441223
0.276621332296309,0.723378667703691
0.214294398591259,0.785705601408741
0.208690123003095,0.791309876996905
0.204295951861281,0.795704048138719
0.184727298023868,0.815272701976132
0.179855840789416,0.820144159210584
0.174998665422709,0.825001334577291
0.16799977129039,0.83200022870961
0.163271663914969,0.836728336085031
0.159257181523361,0.840742818476639
0.156755209222255,0.843244790777745
0.148924679764972,0.851075320235028
0.144249108715578,0.855750891284422
0.14306382531513,0.85693617468487
0.840739340879635,0.159260659120365
0.837807498335729,0.162192501664271
0.832444760370911,0.167555239629089
0.814439482494192,0.185560517505808
0.804528126511682,0.195471873488318
0.790916756041304,0.209083243958696
0.785205850186288,0.214794149813712
0.747167572644839,0.252832427355161
0.68738949497989,0.31261050502011
0.662886288499193,0.337113711500807
0.654240740674371,0.345759259325629
0.636578509857921,0.363421490142079
0.523310401293792,0.476689598706208
0.519554126518518,0.480445873481482
0.515225957288289,0.484774042711711
0.480517334886748,0.519482665113252
0.456258490045912,0.543741509954088
0.337952588244633,0.662047411755367
0.332114449865531,0.667885550134469
0.323562400739415,0.676437599260585
0.303012856776242,0.696987143223758
0.203100557642536,0.796899442357464
0.169599608229738,0.830400391770262
0.804916200124449,0.195083799875551
0.733406268079092,0.266593731920908
0.534681201109694,0.465318798890306
0.193841626544125,0.806158373455875
0.188084406363363,0.811915593636637
0.183035931526325,0.816964068473675
0.138694470119062,0.861305529880938
0.841220255356397,0.158779744643603
0.835385159398701,0.164614840601299
0.822210943976154,0.177789056023846
0.820048264308492,0.179951735691508
0.813282361202266,0.186717638797734
0.807119245585939,0.192880754414062
0.779131074211512,0.220868925788488
0.758256248790889,0.241743751209111
0.736553929341478,0.263446070658522
0.721874500827939,0.278125499172061
0.706843519936675,0.293156480063325
0.695580414822684,0.304419585177316
0.685960206673194,0.314039793326806
0.667714808573822,0.332285191426178
0.647338890047805,0.352661109952195
0.641460255234886,0.358539744765113
0.631691389992986,0.368308610007014
0.53106596394822,0.46893403605178
0.521135933795854,0.478864066204146
0.510242889483905,0.489757110516095
0.506057769680489,0.493942230319511
0.48390958274747,0.51609041725253
0.458044066832278,0.541955933167722
0.358896862769386,0.641103137230614
0.353155808183504,0.646844191816496
0.347966510482632,0.652033489517368
0.335362102673366,0.664637897326634
0.329276563715523,0.670723436284477
0.293033660095692,0.706966339904308
0.287390028158461,0.712609971841539
0.263030933442954,0.736969066557046
0.256735593049457,0.743264406950543
0.212320521283409,0.787679478716591
0.199357054677312,0.800642945322688
0.194681022934974,0.805318977065026
0.1838197223937,0.8161802776063
0.172825478521806,0.827174521478193
0.167708026346689,0.832291973653312
0.153558884520119,0.846441115479881
0.15013175480637,0.84986824519363
