0.512562814070352,0.487437185929648
0.507537688442211,0.492462311557789
0.50251256281407,0.49748743718593
0.49748743718593,0.50251256281407
0.492462311557789,0.507537688442211
0.487437185929648,0.512562814070352
0.482412060301507,0.517587939698492
0.477386934673367,0.522613065326633
0.472361809045226,0.527638190954774
0.467336683417086,0.532663316582915
0.462311557788945,0.537688442211055
0.457286432160804,0.542713567839196
0.452261306532663,0.547738693467337
0.447236180904523,0.552763819095477
0.442211055276382,0.557788944723618
0.437185929648241,0.562814070351759
0.4321608040201,0.5678391959799
0.42713567839196,0.57286432160804
0.422110552763819,0.577889447236181
0.417085427135678,0.582914572864322
0.412060301507538,0.587939698492462
0.407035175879397,0.592964824120603
0.402010050251256,0.597989949748744
0.396984924623116,0.603015075376884
0.391959798994975,0.608040201005025
0.386934673366834,0.613065326633166
0.381909547738693,0.618090452261307
0.376884422110553,0.623115577889447
0.371859296482412,0.628140703517588
0.366834170854271,0.633165829145729
0.361809045226131,0.638190954773869
0.35678391959799,0.64321608040201
0.351758793969849,0.648241206030151
0.346733668341709,0.653266331658292
0.341708542713568,0.658291457286432
0.336683417085427,0.663316582914573
0.331658291457286,0.668341708542714
0.326633165829146,0.673366834170854
0.321608040201005,0.678391959798995
0.316582914572864,0.683417085427136
0.311557788944724,0.688442211055276
0.306532663316583,0.693467336683417
0.301507537688442,0.698492462311558
0.296482412060301,0.703517587939698
0.291457286432161,0.708542713567839
0.28643216080402,0.71356783919598
0.281407035175879,0.718592964824121
0.276381909547739,0.723618090452261
0.271356783919598,0.728643216080402
0.266331658291457,0.733668341708543
0.261306532663317,0.738693467336684
0.256281407035176,0.743718592964824
0.251256281407035,0.748743718592965
0.246231155778894,0.753768844221105
0.241206030150754,0.758793969849246
0.236180904522613,0.763819095477387
0.231155778894472,0.768844221105528
0.226130653266332,0.773869346733668
0.221105527638191,0.778894472361809
0.21608040201005,0.78391959798995
0.21105527638191,0.788944723618091
0.206030150753769,0.793969849246231
0.201005025125628,0.798994974874372
0.195979899497487,0.804020100502513
0.190954773869347,0.809045226130653
0.185929648241206,0.814070351758794
0.180904522613065,0.819095477386935
0.175879396984925,0.824120603015075
0.170854271356784,0.829145728643216
0.165829145728643,0.834170854271357
0.160804020100503,0.839195979899498
0.155778894472362,0.844221105527638
0.150753768844221,0.849246231155779
0.14572864321608,0.85427135678392
0.14070351758794,0.85929648241206
0.135678391959799,0.864321608040201
0.130653266331658,0.869346733668342
0.125628140703518,0.874371859296482
0.120603015075377,0.879396984924623
0.115577889447236,0.884422110552764
0.110552763819095,0.889447236180904
0.105527638190955,0.894472361809045
0.100502512562814,0.899497487437186
0.0954773869346734,0.904522613065327
0.0904522613065327,0.909547738693467
0.085427135678392,0.914572864321608
0.0804020100502513,0.919597989949749
0.0753768844221105,0.924623115577889
0.0703517587939698,0.92964824120603
0.0653266331658292,0.934673366834171
0.0603015075376884,0.939698492462312
0.0552763819095477,0.944723618090452
0.050251256281407,0.949748743718593
0.0452261306532663,0.954773869346734
0.0402010050251256,0.959798994974874
0.0351758793969849,0.964824120603015
0.0301507537688442,0.969849246231156
0.0251256281407035,0.974874371859296
0.0201005025125628,0.979899497487437
0.0150753768844221,0.984924623115578
0.0100502512562814,0.989949748743719
0.0050251256281407,0.994974874371859
9.99999000001e-07,0.999999000001
NaN,0
0.994814143871055,0.00518585612894526
0.986556415108658,0.0134435848913421
0.983353987016005,0.0166460129839951
0.978954593847625,0.0210454061523752
0.701101046304294,0.298898953695706
0.642590007078154,0.357409992921846
0.603568627937605,0.396431372062395
0.573325303699041,0.426674696300959
0.548203103737068,0.451796896262932
0.526517305565943,0.473482694434057
0.50720293258639,0.49279706741361
0.492932860442329,0.507067139557671
0.47325707637933,0.52674292362067
0.451686177305929,0.548313822694071
0.42656992011627,0.57343007988373
0.39655274057657,0.60344725942343
0.357502309141997,0.642497690858003
0.29906916891654,0.70093083108346
0.298995372961979,0.701004627038021
0.0222356480915135,0.977764351908487
0.0154077051395589,0.984592294860441
0,NaN
NaN,0
0.994814143871055,0.00518585612894526
0.9932331872892,0.00676681271080019
0.986556415108658,0.0134435848913421
0.983353987016005,0.0166460129839951
0.978954593847625,0.0210454061523752
0.701101046304294,0.298898953695706
0.642590007078154,0.357409992921846
0.603593868269822,0.396406131730178
0.573325303699041,0.426674696300959
0.548321608740666,0.451678391259334
0.526517305565943,0.473482694434057
0.50720293258639,0.49279706741361
0.492932860442329,0.507067139557671
0.492511634193187,0.507488365806813
0.47325707637933,0.52674292362067
0.451686177305929,0.548313822694071
0.42656992011627,0.57343007988373
0.39655274057657,0.60344725942343
0.35746016299249,0.64253983700751
0.29906916891654,0.70093083108346
0.298995372961979,0.701004627038021
0.0222356480915135,0.977764351908487
0.0197113467864168,0.980288653213583
0.0154077051395589,0.984592294860441
0.0145212456262728,0.985478754373727
0,NaN
NaN,0
0.983353987016005,0.0166460129839951
0.982738876590426,0.0172611234095737
0.701101046304294,0.298898953695706
0.642590007078154,0.357409992921846
0.603593868269822,0.396406131730178
0.573325303699041,0.426674696300959
0.548321370450548,0.451678629549452
0.526558460397996,0.473441539602004
0.526517305565943,0.473482694434057
0.50720293258639,0.49279706741361
0.492932860442329,0.507067139557671
0.492511634193187,0.507488365806813
0.47325707637933,0.52674292362067
0.45182019791329,0.54817980208671
0.42656992011627,0.57343007988373
0.39655274057657,0.60344725942343
0.35746016299249,0.64253983700751
0.29906916891654,0.70093083108346
0.298995372961979,0.701004627038021
0.0222356480915135,0.977764351908487
0.0197113467864168,0.980288653213583
0,NaN
NaN,0
0.983353987016005,0.0166460129839951
0.982738876590426,0.0172611234095737
0.701101046304294,0.298898953695706
0.642590007078154,0.357409992921846
0.603310687947919,0.396689312052081
0.573325303699041,0.426674696300959
0.548277038381652,0.451722961618348
0.526529928852817,0.473470071147183
0.50720293258639,0.49279706741361
0.49282287577718,0.50717712422282
0.473497592090065,0.526502407909935
0.451826135793298,0.548173864206702
0.426483734413475,0.573516265586525
0.39655274057657,0.60344725942343
0.35746016299249,0.64253983700751
0.29906916891654,0.70093083108346
0.298995372961979,0.701004627038021
0.0183869943747541,0.981613005625246
0.0183753778806043,0.981624622119396
0.0182329581605547,0.981767041839445
0.0166143450118674,0.983385654988132
0.0156330173762172,0.984366982623783
0,NaN
