0.899497487437186,0.100502512562814
0.879396984924623,0.120603015075377
0.874371859296482,0.125628140703518
0.78391959798995,0.21608040201005
0.778894472361809,0.221105527638191
0.773869346733668,0.226130653266332
0.768844221105528,0.231155778894472
0.763819095477387,0.236180904522613
0.758793969849246,0.241206030150754
0.753768844221105,0.246231155778894
0.748743718592965,0.251256281407035
0.743718592964824,0.256281407035176
0.738693467336684,0.261306532663317
0.733668341708543,0.266331658291457
0.728643216080402,0.271356783919598
0.723618090452261,0.276381909547739
0.718592964824121,0.281407035175879
0.71356783919598,0.28643216080402
0.708542713567839,0.291457286432161
0.703517587939698,0.296482412060301
0.698492462311558,0.301507537688442
0.693467336683417,0.306532663316583
0.688442211055276,0.311557788944724
0.683417085427136,0.316582914572864
0.678391959798995,0.321608040201005
0.673366834170854,0.326633165829146
0.668341708542714,0.331658291457286
0.663316582914573,0.336683417085427
0.658291457286432,0.341708542713568
0.653266331658292,0.346733668341709
0.648241206030151,0.351758793969849
0.64321608040201,0.35678391959799
0.638190954773869,0.361809045226131
0.633165829145729,0.366834170854271
0.628140703517588,0.371859296482412
0.623115577889447,0.376884422110553
0.618090452261307,0.381909547738693
0.613065326633166,0.386934673366834
0.608040201005025,0.391959798994975
0.603015075376884,0.396984924623116
0.597989949748744,0.402010050251256
0.592964824120603,0.407035175879397
0.587939698492462,0.412060301507538
0.582914572864322,0.417085427135678
0.577889447236181,0.422110552763819
0.57286432160804,0.42713567839196
0.5678391959799,0.4321608040201
0.562814070351759,0.437185929648241
0.557788944723618,0.442211055276382
0.552763819095477,0.447236180904523
0.547738693467337,0.452261306532663
0.542713567839196,0.457286432160804
0.537688442211055,0.462311557788945
0.532663316582915,0.467336683417086
0.527638190954774,0.472361809045226
0.522613065326633,0.477386934673367
0.517587939698492,0.482412060301507
0.512562814070352,0.487437185929648
0.507537688442211,0.492462311557789
0.50251256281407,0.49748743718593
0.49748743718593,0.50251256281407
0.492462311557789,0.507537688442211
0.487437185929648,0.512562814070352
0.482412060301507,0.517587939698492
0.477386934673367,0.522613065326633
0.472361809045226,0.527638190954774
0.467336683417086,0.532663316582915
0.462311557788945,0.537688442211055
0.457286432160804,0.542713567839196
0.452261306532663,0.547738693467337
0.447236180904523,0.552763819095477
0.442211055276382,0.557788944723618
0.437185929648241,0.562814070351759
0.4321608040201,0.5678391959799
0.42713567839196,0.57286432160804
0.422110552763819,0.577889447236181
0.417085427135678,0.582914572864322
0.412060301507538,0.587939698492462
0.407035175879397,0.592964824120603
0.402010050251256,0.597989949748744
0.396984924623116,0.603015075376884
0.391959798994975,0.608040201005025
0.386934673366834,0.613065326633166
0.381909547738693,0.618090452261307
0.376884422110553,0.623115577889447
0.371859296482412,0.628140703517588
0.366834170854271,0.633165829145729
0.361809045226131,0.638190954773869
0.35678391959799,0.64321608040201
0.351758793969849,0.648241206030151
0.346733668341709,0.653266331658292
0.341708542713568,0.658291457286432
0.336683417085427,0.663316582914573
0.331658291457286,0.668341708542714
0.326633165829146,0.673366834170854
0.321608040201005,0.678391959798995
0.316582914572864,0.683417085427136
0.311557788944724,0.688442211055276
0.306532663316583,0.693467336683417
0.301507537688442,0.698492462311558
0.296482412060301,0.703517587939698
0.291457286432161,0.708542713567839
0.28643216080402,0.71356783919598
0.281407035175879,0.718592964824121
0.276381909547739,0.723618090452261
0.271356783919598,0.728643216080402
0.266331658291457,0.733668341708543
0.261306532663317,0.738693467336684
0.256281407035176,0.743718592964824
0.251256281407035,0.748743718592965
0.246231155778894,0.753768844221105
0.241206030150754,0.758793969849246
0.236180904522613,0.763819095477387
0.231155778894472,0.768844221105528
0.226130653266332,0.773869346733668
0.221105527638191,0.778894472361809
0.21608040201005,0.78391959798995
0.21105527638191,0.788944723618091
0.206030150753769,0.793969849246231
0.201005025125628,0.798994974874372
0.195979899497487,0.804020100502513
0.190954773869347,0.809045226130653
0.185929648241206,0.814070351758794
0.180904522613065,0.819095477386935
0.175879396984925,0.824120603015075
0.170854271356784,0.829145728643216
0.165829145728643,0.834170854271357
0.160804020100503,0.839195979899498
0.155778894472362,0.844221105527638
0.150753768844221,0.849246231155779
0.14572864321608,0.85427135678392
0.14070351758794,0.85929648241206
0.135678391959799,0.864321608040201
0.130653266331658,0.869346733668342
0.125628140703518,0.874371859296482
0.120603015075377,0.879396984924623
0.115577889447236,0.884422110552764
0.110552763819095,0.889447236180904
0.105527638190955,0.894472361809045
0.100502512562814,0.899497487437186
0.0954773869346734,0.904522613065327
0.0904522613065327,0.909547738693467
0.085427135678392,0.914572864321608
0.0804020100502513,0.919597989949749
0.0753768844221105,0.924623115577889
0.0703517587939698,0.92964824120603
0.0653266331658292,0.934673366834171
0.0603015075376884,0.939698492462312
0.0552763819095477,0.944723618090452
0.050251256281407,0.949748743718593
0.0452261306532663,0.954773869346734
0.0402010050251256,0.959798994974874
0.0351758793969849,0.964824120603015
0.0301507537688442,0.969849246231156
0.0251256281407035,0.974874371859296
0.0201005025125628,0.979899497487437
0.0150753768844221,0.984924623115578
0.0100502512562814,0.989949748743719
0.0050251256281407,0.994974874371859
9.99999000001e-07,0.999999000001
NaN,0
0.876052103143053,0.123947896856947
0.875854991117902,0.124145008882098
0.875568624210602,0.124431375789398
0.875510452166556,0.124489547833444
0.874217381368161,0.125782618631839
0.87152143397799,0.12847856602201
0.870485022738751,0.129514977261249
0.709730849539538,0.290269150460462
0.709412453119094,0.290587546880906
0.709064584129772,0.290935415870228
0.708521192009533,0.291478807990466
0.707509403258632,0.292490596741368
0.706620407289625,0.293379592710375
0.705457584339207,0.294542415660793
0.547007067695995,0.452992932304005
0.545471111621001,0.454528888378999
0.540897769395014,0.459102230604986
0.539190048594372,0.460809951405628
0.53749227566826,0.46250772433174
0.535393641399628,0.464606358600372
0.377351181440443,0.622648818559557
0.376762194131031,0.623237805868969
0.375665706656549,0.624334293343451
0.375387821610047,0.624612178389953
0.374661305424345,0.625338694575655
0.374082932488578,0.625917067511422
0.211580584312153,0.788419415687847
0.210785918456015,0.789214081543985
0.210320909981099,0.789679090018901
0.210083782704816,0.789916217295184
0.209511143802408,0.790488856197592
0.208631406570353,0.791368593429647
0.208147250272131,0.791852749727869
0.207708656024428,0.792291343975572
0.20763284804055,0.79236715195945
0.207026643634315,0.792973356365685
0.043175107781447,0.956824892218553
0.0426461759808272,0.957353824019173
0.0414847500252824,0.958515249974718
